chromosome	start	end	num.mark	total_copy_number	total_copy_number_logr	logr	logr.sd
chr1	1380001	248845001	5087	2	2.010554544389	0.0515368231698401	1.07479244814509
chr2	20001	241645001	5328	2	1.95246718893995	0.00924165178002242	1.07406368681244
chr3	20001	197885001	4333	2	2.05639549592608	0.0840611048914615	1.0782471292354
chr4	75001	189150001	3772	2	1.96603010048521	0.0192287575103952	1.07768013997115
chr5	110001	181185001	3838	2	1.99329647841023	0.0390996569220919	1.05360411507417
chr6	160001	170160001	3739	2	2.00720718891203	0.0491328905403678	1.07224654981478
chr7	305001	159255001	3120	2	1.88716918032987	-0.0398328894198925	1.03704811537769
chr8	240001	14570001	267	2	1.92940463617606	-0.00790091421652073	1.07383001144719
chr8	14635001	15235001	11	1	0.570900142497788	-1.76474632486714	0.0102157124253446
chr8	15285001	144990001	2816	2	1.98685045809753	0.0344266386553301	1.08990827510966
chr9	210001	138040001	2497	2	1.9834345878028	0.0319441668461253	1.08665325735559
chr10	80001	133440001	3158	2	1.97315039891387	0.0244442739975663	1.08396481114821
chr11	205001	134690001	2930	2	1.93287050132211	-0.00531166947204477	1.06513769992547
chr12	180001	133115001	2925	2	2.01986145453091	0.0581996872398939	1.08258117715002
chr13	18940001	114265001	2026	2	2.0501523884393	0.0796744972571963	1.07491656021967
chr14	19970001	105200001	1943	2	2.09653538948166	0.111950530645152	1.12575824098404
chr15	19950001	101640001	1827	2	2.08597507915875	0.104665269880153	1.12347931175418
chr16	40001	89955001	1694	2	1.98751168841278	0.0349066923949388	1.10172212797005
chr17	410001	82855001	1621	2	2.05134409878506	0.080512861819859	1.09313779541278
chr18	155001	45930001	900	2	2.03290768028971	0.0674880476633087	1.10545126969787
chr18	45960001	46660001	23	1	0.917823290355159	-1.07976833077233	1.2421183346806
chr18	46690001	80175001	733	2	1.92540406589854	-0.0108954103994925	1.11429459217196
chr19	2065001	58340001	810	2	2.05640114055319	0.0840650649586658	1.1106128711043
chr20	85001	63845001	1475	2	2.02195884668017	0.0596969816758841	1.10923954749848
chr21	13920001	46615001	722	2	2.04107494023434	0.073272501011449	1.08986294796922
chr22	16120001	50570001	736	2	2.03017334582042	0.0655462643962953	1.09355158854726
chrX	2790001	155610001	3113	1	1.13942285972065	-0.767753396668878	1.87501830741975
